n: 20
mean: 0.04712375
standard deviation: 0.0022288571482937175
variance: 4.967804187500002e-06
max: 0.05468
min: 0.045265
