n: 20
mean: 0.048077850000000005
standard deviation: 0.0010069262274367474
variance: 1.0139004275000003e-06
max: 0.050288
min: 0.047083
