n: 20
mean: 0.15413815000000003
standard deviation: 0.0018788561486979233
variance: 3.530100427499993e-06
max: 0.160108
min: 0.151635
