n: 20
mean: 0.0586083
standard deviation: 0.002251468700648534
variance: 5.0691113099999975e-06
max: 0.067854
min: 0.05731
