mean: 0.208136256
standard deviation: 0.004355334743330759
variance: 1.8968940726464004e-05
max: 0.242801
min: 0.203784
