n: 20
mean: 0.2070909
standard deviation: 0.002307287539514744
variance: 5.323575790000001e-06
max: 0.214827
min: 0.204632
