mean: 0.29274997609561754
standard deviation: 0.010194368364055618
variance: 0.00010392514634205802
max: 0.32888
min: 0.276643
