n: 20
mean: 0.21190454999999994
standard deviation: 0.002973104042494982
variance: 8.839347647500005e-06
max: 0.218672
min: 0.207729
