n: 20
mean: 0.05262075000000001
standard deviation: 0.002991957133299206
variance: 8.951807487500001e-06
max: 0.058588
min: 0.049187
