mean: 0.42756142629482075
standard deviation: 0.04814770913679136
variance: 0.002318201895121062
max: 0.592171
min: 0.333063
