mean: 0.17820247600000003
standard deviation: 0.0011905788178125805
variance: 1.4174779214240019e-06
max: 0.186428
min: 0.176433
