n: 20
mean: 0.20715714999999996
standard deviation: 0.0016750363958732354
variance: 2.8057469274999982e-06
max: 0.212315
min: 0.204295
