n: 20
mean: 0.18244875
standard deviation: 0.0033139817270920473
variance: 1.0982474887499988e-05
max: 0.192762
min: 0.178993
