n: 20
mean: 0.05027069999999999
standard deviation: 0.0027454601636155637
variance: 7.5375515099999984e-06
max: 0.056755
min: 0.047314
