mean: 0.17700393625498007
standard deviation: 0.001599144640610706
variance: 2.557263581593944e-06
max: 0.18593
min: 0.175296
