mean: 0.20760923107569723
standard deviation: 0.003908860526537975
variance: 1.5279190615926733e-05
max: 0.245882
min: 0.203916
