mean: 0.222868936
standard deviation: 0.0019043388910338413
variance: 3.6265066119040004e-06
max: 0.234687
min: 0.220489
