n: 20
mean: 2.7258485
standard deviation: 0.07248119392814936
variance: 0.005253523473249995
max: 2.91891
min: 2.663583
