n: 20
mean: 0.05813820000000001
standard deviation: 0.0015525313072527708
variance: 2.4103534599999974e-06
max: 0.062386
min: 0.055474
