mean: 0.21964576
standard deviation: 0.002128538775404385
variance: 4.530677318399999e-06
max: 0.243788
min: 0.216995
