mean: 0.30887966135458167
standard deviation: 0.017509770494833266
variance: 0.0003065920627817336
max: 0.388678
min: 0.272096
