n: 20
mean: 0.155988
standard deviation: 0.00667022169796477
variance: 4.449185750000002e-05
max: 0.177595
min: 0.151289
