n: 20
mean: 9.7308689
standard deviation: 0.12932454500554008
variance: 0.016724837940889963
max: 10.123622
min: 9.562421
