mean: 0.4786930996015936
standard deviation: 0.018073314699884897
variance: 0.00032664470424107546
max: 0.63713
min: 0.434785
