n: 20
mean: 9.6425419
standard deviation: 0.22249583167419115
variance: 0.04950439511239
max: 10.067076
min: 9.035711
