n: 20
mean: 2.6395109000000003
standard deviation: 0.048659145493832934
variance: 0.002367712440190002
max: 2.775744
min: 2.598208
