mean: 0.3570797768924303
standard deviation: 0.002325872353591894
variance: 5.409682205203096e-06
max: 0.377411
min: 0.352759
