n: 20
mean: 9.67069125
standard deviation: 0.13131845963758285
variance: 0.017244537841587478
max: 9.987865
min: 9.510314
