mean: 0.2235700079681275
standard deviation: 0.0014355167427312042
variance: 2.0607083186616063e-06
max: 0.228767
min: 0.22025
