mean: 0.35872603599999997
standard deviation: 0.0018300769783547335
variance: 3.3491817467039916e-06
max: 0.37193
min: 0.355915
