n: 40
mean: 2.669538275
standard deviation: 0.038538637569319634
variance: 0.001485226585699375
max: 2.795033
min: 2.622423
