n: 20
mean: 0.1687821
standard deviation: 0.002324852767381198
variance: 5.404940390000016e-06
max: 0.175106
min: 0.16538
