n: 20
mean: 0.20361605
standard deviation: 0.0015248290223825094
variance: 2.325103547499999e-06
max: 0.207076
min: 0.200774
