n: 20
mean: 0.23853965000000002
standard deviation: 0.0022951966860162553
variance: 5.267927827500001e-06
max: 0.246006
min: 0.233861
