n: 20
mean: 0.5662141
standard deviation: 0.016215942846162238
variance: 0.00026295680239000026
max: 0.635136
min: 0.557638
